NUMBER xcentroid ycentroid ellipticity orientation equivalent_radius kron_flux ra dec flag
2 154.45 14.83 0.4 7.72 3.04 10.579122551358463 328.36532618821417 17.73453318062195 1
13 1424.13 45.01 0.07 -18.12 6.82 24.804698825851496 328.24745954129816 17.734997968217897 1
16 1749.13 41.2 0.29 30.82 1.95 3.866576496427735 328.21741589142937 17.73481348679315 1
21 1493.14 55.07 0.39 -3.11 3.29 11.361974834491468 328.24101700703744 17.73587435884926 1
25 295.29 64.76 0.47 -80.98 6.53 31.773278767644378 328.3526086924232 17.73836715148779 1
27 591.12 62.07 0.18 40.8 3.7 10.637723553517521 328.3253364226206 17.737384062433044 1
35 1598.27 65.34 0.41 -69.03 1.6 2.2067155242513943 328.2312425903327 17.736794745039273 1
37 464.88 68.03 0.28 49.72 2.46 5.39625840742689 328.33703179978767 17.738192299006794 1
39 1165.21 78.8 0.08 -9.17 8.63 34.68976910586837 328.27161337147646 17.73801823092103 1
55 835.7 93.6 0.4 70.61 3.61 12.066995155135785 328.30251017478486 17.739669964206406 1
63 272.78 104.94 0.23 19.69 4.58 12.58651592954351 328.35471186083123 17.741894418576695 1
77 1990.85 122.81 0.66 59.2 2.11 5.140781605119036 328.19516180241374 17.742104355574043 1
79 1608.93 127.5 0.31 -87.95 3.34 12.676237031086758 328.23009958783507 17.74218570178483 1
91 194.64 142.37 0.5 25.82 4.55 15.012157649686372 328.36187617482784 17.745354881207213 1
94 1461.19 152.82 0.07 -30.75 6.43 19.415022037169727 328.2437808251178 17.74436477250327 1
95 891.72 151.34 0.25 32.58 5.23 21.38523085424781 328.29722743779587 17.744625839680477 1
113 1379.05 173.26 0.12 -74.36 3.87 8.355425941381146 328.25141934670563 17.74616071748743 1
131 891.5 207.94 0.21 59.1 3.61 10.372335098006552 328.29721361509075 17.74958654186627 1
137 128.25 220.17 0.37 38.85 4.89 17.849005654398972 328.36799694683697 17.752286706953527 1
150 1841.52 237.68 0.11 17.01 8.25 32.18946464530082 328.20836976890894 17.7519087121296 1
181 208.82 294.9 0.4 26.67 3.78 11.56288816553035 328.3607438966986 17.75857418698899 1
196 1877.12 329.81 0.09 88.56 3.09 8.431371802967567 328.204851314022 17.759989559407536 1
201 874.37 338.27 0.38 77.67 4.65 14.421291468574816 328.29874483045205 17.76110982881582 1
202 201.37 333.95 0.51 -33.24 1.69 3.6954391764839505 328.36145610999625 17.76201127873905 1
203 1372.61 336.11 0.07 74.47 3.14 7.572584651253123 328.2517362913992 17.76049778535811 1
210 614.39 348.34 0.36 56.45 3.24 8.897804679182126 328.3231932137312 17.7623981857203 1
211 832.15 352.63 0.38 78.64 5.5 21.532866312517484 328.3027181501469 17.762438400104436 1
222 1307.8 366.24 0.12 -67.41 4.48 15.626591844283421 328.2577886794064 17.763197885498613 1
223 155.2 369.63 0.39 14.6 2.76 7.173055627509574 328.36569613293585 17.76525592320665 1
232 1847.54 382.86 0.27 -24.95 5.89 16.705850136808834 328.207422629603 17.76463727405833 1
265 1330.05 427.37 0.03 -38.45 2.19 4.725497905076656 328.25559732544065 17.7686209923369 1
267 1024.07 434.31 0.33 39.25 5.05 17.210060245918157 328.2845182875688 17.7694771157229 1
283 1819.37 454.44 0.31 3.2 5.53 16.019010880081215 328.20983789957506 17.770947779542052 1
289 1909.29 459.17 0.41 -41.06 3.39 9.160579659794884 328.20156653059627 17.771389591412273 1
293 626.46 470.0 0.35 48.78 2.71 8.503665454436854 328.32203486932326 17.773180760473487 1
298 1733.1 474.37 0.09 -51.31 4.55 11.993825288787392 328.21776954989554 17.77270285998344 1
309 1476.78 497.76 0.05 44.99 4.26 11.441586452768176 328.24166588002726 17.77482958768066 1
311 508.86 499.72 0.32 50.79 3.95 12.15210109741685 328.3330516244972 17.776022720870884 2
327 456.58 526.95 0.41 43.5 6.36 21.66308526562096 328.3379315968366 17.77853845577658 1
334 358.07 529.56 0.25 -18.36 5.56 17.969196011423897 328.34709724189486 17.77894748939402 1
348 1291.3 558.99 0.19 -68.24 5.89 21.692857572751073 328.25906711182125 17.78040650607898 1
349 1981.9 555.36 0.46 -22.63 1.6 2.1556824490727564 328.1946979228439 17.77991539066907 1
350 1832.17 557.18 0.56 11.61 1.87 6.103755528210365 328.20842531873643 17.78006139685126 1
352 878.41 562.43 0.52 -47.35 1.87 2.838962255576046 328.29820141540773 17.78109929838584 1
355 507.87 569.06 0.29 -39.09 2.59 6.363049545336126 328.33312994804504 17.782209677377605 1
361 1797.65 571.16 0.26 62.0 2.19 3.6588556649574953 328.21158444630294 17.78130597736424 1
365 299.63 580.2 0.27 -5.83 2.11 4.451279179229752 328.3525113476523 17.783560941698443 1
372 1987.27 592.02 0.35 79.62 2.19 8.037008476110099 328.19412248076156 17.78316406222042 1
374 100.64 597.41 0.16 76.39 3.43 11.654210639528083 328.3707806778275 17.78547033869755 1
375 969.32 596.25 0.07 65.72 2.52 5.947498825497938 328.28955280363874 17.78403327000679 1
376 874.95 602.23 0.2 33.19 6.72 20.947139268603216 328.2984980916555 17.784676179339083 1
388 779.7 633.78 0.22 64.67 2.99 6.383362131957753 328.30749567380514 17.787625981397827 1
421 409.0 688.07 0.7 72.45 1.69 2.3327346413115277 328.34233302298514 17.793013863695624 1
430 811.49 702.49 0.08 -79.08 6.33 17.721220063090072 328.3044334029596 17.793771965563593 1
456 892.75 735.17 0.19 -9.95 4.51 15.036921087651972 328.2966956011179 17.796627867954765 1
462 450.68 743.87 0.48 34.45 7.4 27.943950437448663 328.3384156093706 17.797957904616695 1
479 1177.9 769.29 0.33 89.25 4.26 16.210483096036768 328.2695571145917 17.79942917253099 1
482 684.15 784.49 0.21 89.77 1.78 2.3875368443636686 328.3164258878106 17.801315803378955 1
493 612.64 805.01 0.66 -49.9 1.95 3.370051890618716 328.3231634693675 17.80325177774593 1
497 492.55 808.47 0.52 47.87 1.87 2.8887668526710613 328.33445706187155 17.803710798384948 1
521 562.7 852.3 0.09 19.45 4.85 14.5488381629368 328.32783460328335 17.807574910297493 1
528 506.27 860.87 0.33 31.84 5.29 19.86005976691431 328.3331340880693 17.80841270548893 1
531 436.3 867.55 0.51 -75.53 3.43 10.583449249611 328.33968775831806 17.809097099968877 1
549 1301.35 899.11 0.43 88.45 1.95 4.471097928535085 328.25768089211624 17.81105942375038 1
575 587.03 946.88 0.35 43.63 3.91 11.943687545799355 328.3254641901462 17.81608371358265 1
580 914.63 963.29 0.19 46.9 5.41 17.79989987339674 328.2943987943396 17.817239979122718 1
588 1095.82 984.72 0.33 -80.29 3.78 8.23361282370092 328.27713037705826 17.819005802169823 1
589 1564.61 989.29 0.3 -89.04 5.59 19.28574321683587 328.2326868561834 17.818972593775108 1
597 436.42 1012.69 0.28 33.41 5.64 23.320783545400737 328.33955557211954 17.822169768219823 1
601 945.43 1023.69 0.29 50.59 5.44 20.67293123372022 328.29140641528215 17.822683308712687 1
616 1590.73 1050.21 0.06 -48.71 2.26 5.9781124258300595 328.23016392825843 17.824445472925692 1
624 405.46 1075.19 0.46 -1.46 2.26 4.994682007900906 328.3423882817636 17.82782769178623 1
633 600.66 1091.66 0.31 49.44 2.19 3.4132035056167096 328.3240364043445 17.82915151664494 1
641 2023.37 1110.9 0.14 49.5 5.41 14.329545690739916 328.1899977824556 17.82941361910405 1
642 922.96 1116.57 0.15 -71.16 4.03 11.234074367723585 328.29344812297546 17.831120837528314 1
643 438.68 1114.58 0.3 89.06 2.39 6.40166886850405 328.33923793985207 17.831349949263238 1
665 1040.73 1148.17 0.53 -67.12 6.48 26.04247754468232 328.28220558180936 17.833872422831522 1
666 672.08 1145.48 0.29 48.63 2.52 8.085178048762689 328.3172284507663 17.83395596744165 1
673 994.02 1160.69 0.16 -69.94 2.99 6.2591705781517035 328.28663927973963 17.835050790635574 1
678 1353.11 1173.87 0.19 43.83 1.6 2.3187500271713377 328.2524804025401 17.835876928762872 1
689 411.31 1193.42 0.61 -18.71 2.26 6.568369299335229 328.34170300692995 17.838466863404985 1
722 1208.72 1260.26 0.2 -71.46 4.55 12.505764894324145 328.26610935193395 17.843847872985485 1
738 1052.3 1293.17 0.37 17.28 3.04 7.582755479522435 328.2809543801501 17.846983149420765 1
758 622.95 1337.19 0.05 -50.56 7.65 28.72242411384185 328.3216318367797 17.851287066642442 1
761 1796.87 1336.65 0.51 32.9 2.26 4.87294355925975 328.2106913045922 17.849939146420173 1
765 151.36 1345.83 0.26 -11.37 4.37 15.96863593732389 328.36554792873204 17.85221472564595 1
775 1689.54 1352.86 0.29 56.59 2.33 4.1182530738274 328.2206698436308 17.851562974364096 1
777 606.61 1359.51 0.15 -67.19 4.26 14.020234148333891 328.32314199645026 17.85330446107814 1
816 530.51 1430.65 0.15 -60.89 2.93 5.4476959970515235 328.3301952584977 17.859724041402774 1
819 1296.42 1436.01 0.08 19.36 4.07 13.310742651150912 328.25763635341536 17.859594161036963 1
823 1937.63 1447.65 0.45 10.23 2.39 4.9644900302883475 328.1976894665326 17.85958350208062 1
862 765.72 1515.84 0.11 -32.75 4.03 9.738693326494772 328.3078968739729 17.867256409276276 2
863 269.22 1515.76 0.32 4.6 3.04 6.701583748615565 328.3543809459875 17.867346016909956 1
875 132.51 1548.12 0.36 21.42 6.72 28.04083965456268 328.36686339694 17.870173078962996 1
879 811.16 1549.75 0.36 77.99 4.15 13.061481615221783 328.3035519778682 17.870265297843943 1
896 1335.17 1584.84 0.26 55.31 4.03 11.462888498512186 328.2538714084171 17.87287952990071 1
914 1539.72 1601.63 0.41 -70.43 1.6 2.130677899290143 328.23460746008067 17.874050922012486 1
935 1399.9 1635.99 0.32 22.99 3.39 9.387334438606981 328.24773957437895 17.87734246210827 2
944 382.97 1650.73 0.11 73.92 4.75 16.85236473739294 328.3435686245904 17.879340023853928 2
961 1849.65 1668.92 0.22 25.12 3.57 10.684086675869057 328.2058132443375 17.879367342745855 1
964 781.73 1671.34 0.41 -83.06 2.99 7.640049804746049 328.3061642315924 17.88112611970439 1
976 1431.54 1695.12 0.35 63.3 2.59 5.575294459722578 328.24474176001564 17.882543902890042 1
978 244.47 1695.45 0.66 -48.82 2.33 5.113149514791969 328.3562579072562 17.883226739312654 1
985 1454.22 1710.39 0.4 68.7 4.48 18.745026460560865 328.24260686273243 17.883857731683992 1
988 791.84 1714.24 0.39 -19.31 1.69 3.111430355670262 328.30514713512423 17.88493018920823 2
992 1294.97 1722.68 0.51 9.79 2.03 5.5999182001739225 328.2575932361415 17.885200815490204 1
1002 1831.61 1758.52 0.32 66.31 6.41 22.03653961287678 328.207517778047 17.88728754729148 1
1004 1178.93 1755.29 0.59 -76.88 2.26 8.89565002103304 328.2685268980763 17.88824440931532 1
1010 910.89 1763.26 0.3 -7.66 4.72 17.558916044280345 328.29384451310364 17.88920490148681 1
1016 620.55 1767.15 0.37 57.45 2.39 4.780185224267971 328.3211681134199 17.889653353360977 1
1026 1107.81 1796.76 0.1 -32.95 8.29 37.75802974453208 328.27521081365944 17.891992038152182 1
1034 1426.56 1799.66 0.48 26.15 2.11 4.096195432333788 328.24518597154105 17.891790307083433 1
1046 419.87 1827.72 0.4 -70.55 2.26 4.843395983000198 328.3397493210938 17.89493224849283 1
1049 715.5 1831.37 0.5 -69.89 2.26 4.833507359653465 328.31214699392393 17.89529621620421 1
1051 131.84 1836.09 0.54 -24.34 1.6 4.093890512930697 328.3661613242338 17.895422456015396 1
1062 1611.49 1851.36 0.54 -76.61 2.71 5.711603635856749 328.22791528559276 17.895954431471225 1
1063 1238.32 1853.13 0.01 35.09 4.79 14.451535359939367 328.26286534975526 17.89679493071508 1
1071 529.22 1870.98 0.69 -55.28 2.26 5.692986592771826 328.3294922407309 17.898759930300237 1
1090 1506.15 1907.21 0.57 -72.5 1.87 3.228440314139948 328.237739690802 17.90106396295481 1
1102 61.25 1936.64 0.43 71.41 1.6 2.331092512943478 328.3722167320879 17.90401444544013 2
1124 1931.8 1990.64 0.23 47.54 3.34 11.708016899692439 328.1986057950059 17.907138851011418 1
1128 1348.63 2007.46 0.65 84.87 2.46 6.455534531289068 328.25246098930495 17.91008866252282 1
1168 152.98 46.97 0.49 -1.05 5.53 33.79438610964203 328.3655122390348 17.737284010099238 1
1169 162.18 47.8 0.72 -44.28 1.87 3.9593716206888607 328.36468289832635 17.73732423412633 1
1174 1994.46 78.18 0.43 8.53 3.24 8.634771119232724 328.1949957505965 17.738276264694296 1
1176 1271.42 86.73 0.33 73.3 5.2 22.724011085030345 328.2616477321142 17.73864788204175 1
1180 1696.43 93.94 0.14 9.75 3.04 6.258169335503453 328.22210548185484 17.739321111067976 1
1185 122.36 121.88 0.29 5.28 8.5 40.38351336421263 328.36839466258806 17.743811736445483 1
1187 1400.77 126.71 0.19 -68.19 4.44 9.631831200853041 328.249475220443 17.742092343989476 1
1190 113.63 139.77 0.45 -39.19 2.19 7.103578858376137 328.36920979416703 17.745379484302077 1
1205 322.49 220.29 0.54 30.14 5.89 27.26965254613647 328.3502658187576 17.751766842412344 1
1207 319.71 229.52 0.18 25.45 6.41 22.172963086451247 328.35052793767187 17.752579044956715 1
1213 1501.75 292.93 0.16 71.32 3.91 9.137448556649762 328.2397057998716 17.756652405230472 1
1220 786.07 425.59 0.3 50.52 3.09 8.350173282484345 328.3070237609754 17.76898622214421 1
1230 263.66 458.38 0.04 -83.64 2.39 3.284158302174929 328.3558095861006 17.772822904409647 1
1269 1054.12 1312.18 0.5 -73.0 4.79 13.862811256753549 328.2807616953079 17.848698346951895 1
1272 1008.17 1559.58 0.18 -50.97 1.78 3.054110186467808 328.28487082592443 17.870997736151146 1
1277 1478.42 1639.58 0.17 -43.36 4.3 8.824157355832682 328.2403509517734 17.877532848647746 1
1281 1205.59 1648.41 0.73 82.9 2.93 8.665093988110982 328.26608282152614 17.878721374300785 1
1312 1747.56 2038.88 0.29 -50.25 2.19 5.68430169615565 328.2154723191764 17.911859290465372 1
