NUMBER xcentroid ycentroid ellipticity orientation equivalent_radius kron_flux ra dec flag
1 98.91 18.43 0.71 -74.39 1.95 5.113606115431531 339.9723176500286 -5.844481463673888 1
11 1166.78 42.27 0.22 -75.28 3.99 13.7419972129048 339.87780428150046 -5.844475366990396 1
13 69.6 43.81 0.22 19.4 3.78 19.620959960902333 339.9748832105799 -5.8422204912129185 1
28 1952.23 92.3 0.39 -18.21 4.3 21.643792946237944 339.8082403765115 -5.839626724918495 1
52 865.02 156.4 0.21 75.18 4.79 18.05273526671774 339.9048216776135 -5.834316001231388 1
55 1396.73 170.47 0.54 -66.07 3.57 11.084036884299802 339.85703551578183 -5.833357661567886 1
71 178.56 225.9 0.24 35.64 3.24 12.692464619823387 339.9657723651755 -5.826902992735683 1
73 1917.19 226.4 0.37 -56.23 3.91 13.170163300472968 339.81088508772876 -5.8281077459108035 1
79 1312.41 243.91 0.4 70.91 2.39 5.603577290418034 339.86449389830636 -5.826925461656342 1
82 1442.14 255.44 0.15 -67.53 5.01 16.215256308450883 339.85283659643574 -5.825909727239671 1
86 1563.61 260.33 0.29 -71.37 3.61 10.502454479621605 339.84197619394104 -5.825444491284328 1
90 1894.64 265.77 0.07 -19.08 2.46 7.46023142345493 339.8127457879127 -5.824710774069633 1
93 1824.2 275.49 0.44 -23.33 2.11 5.680320731858331 339.8188863019563 -5.823936557138956 1
109 1562.11 307.8 0.51 -52.67 2.19 4.839219668228643 339.84202392674024 -5.821274255001849 1
112 1052.26 323.48 0.26 -77.24 4.15 11.970465599160953 339.88786842855785 -5.819798323981294 1
124 1002.85 372.64 0.57 -2.33 3.09 8.707533205140026 339.89230289751964 -5.81540506334411 1
127 1412.09 383.84 0.16 -26.14 2.59 6.3315471131382814 339.85534439099473 -5.814580143332988 1
129 1966.84 397.63 0.43 -79.58 6.13 30.65037520427161 339.80612645604106 -5.813107501447588 1
131 1397.02 398.01 0.45 -58.37 6.18 29.731888236737337 339.8566804383894 -5.81332249495441 1
152 1646.47 458.61 0.18 76.02 3.04 9.198708507526195 339.83424027084095 -5.807919610639236 1
155 584.65 465.06 0.54 18.15 5.7 26.0919323569872 339.9299949747253 -5.806709431363954 1
161 943.05 476.02 0.53 -72.89 5.7 19.619592988543474 339.89765717146673 -5.806153027295823 1
166 277.76 483.25 0.26 -85.55 4.44 23.512837749739568 339.95731187316824 -5.804573024511132 2
184 1222.59 517.5 0.09 -59.01 3.04 6.892679812168447 339.8722963394072 -5.802629651321827 1
185 1238.04 530.52 0.13 12.78 5.7 22.760864359592205 339.87088505129685 -5.801472047698616 1
190 1476.74 534.22 0.14 -27.25 3.19 7.196224951386178 339.84932843413463 -5.801204017548016 1
191 785.31 533.79 0.35 26.75 2.65 6.078247482799917 339.91190973151066 -5.8008350802686905 1
192 67.98 535.98 0.7 74.97 1.95 4.7632634856209695 339.97569458401205 -5.79948793706005 1
194 917.35 535.55 0.03 -81.57 2.11 4.189229017980921 339.8999558487025 -5.800808977405319 1
209 36.02 567.11 0.35 8.94 2.88 9.749271870925634 339.97848383135346 -5.796675091550392 1
221 1948.59 605.1 0.37 -40.08 3.74 9.96915722963551 339.8072842698791 -5.794814540966454 1
227 474.62 623.66 0.26 65.14 4.55 13.201209583263799 339.93985855058537 -5.792407670765627 1
248 1591.68 652.2 0.37 -2.12 1.87 3.7088665031381285 339.8388520579578 -5.7906625218098995 2
253 920.27 678.37 0.65 -82.26 3.24 13.315335276625616 339.89961661773503 -5.7879880638494186 1
254 538.17 682.38 0.19 57.17 4.85 16.85292611888982 339.93415796407504 -5.787233128220143 1
260 701.68 689.17 0.5 -44.22 2.19 5.441759366075589 339.9194224639637 -5.786809800439868 1
261 1158.48 691.01 0.11 -19.68 3.24 8.191935800316633 339.87796325848393 -5.787019473646407 2
273 1880.52 712.73 0.41 -39.6 5.32 17.680828876906677 339.8130845422127 -5.785256435769945 1
279 1234.46 725.33 0.41 13.13 2.33 6.361243099675995 339.8710347748568 -5.783969609345114 1
282 1137.04 730.36 0.12 50.11 3.95 10.051926173479359 339.87988186812584 -5.783459398113 1
289 1884.18 743.22 0.44 -21.2 2.93 8.118368879646413 339.81271839892173 -5.782535676962254 1
295 1408.55 755.76 0.4 -12.97 6.46 21.49693575223603 339.8552300168643 -5.781309096003272 1
307 1299.44 782.52 0.37 -32.9 4.85 19.97723019464715 339.865089278799 -5.77884539269933 1
314 1162.34 789.97 0.19 -84.6 4.51 15.119754810470011 339.87753648394477 -5.778095334170657 1
321 1401.79 800.42 0.17 42.09 2.76 6.004423789120556 339.85579963316366 -5.777280745440664 2
322 1904.79 801.62 0.06 -45.95 3.14 8.52249184787575 339.8108262093893 -5.777321477831812 2
324 1147.63 806.34 0.33 61.12 4.55 14.355600182948654 339.8788623036595 -5.776607091024388 1
329 1267.18 819.16 0.27 76.74 3.34 9.552046647110876 339.8679873570845 -5.77551982215914 1
331 827.26 822.55 0.21 19.85 3.61 8.884393960174116 339.90798615093115 -5.774905420484347 1
332 1522.98 824.86 0.34 -53.29 3.39 9.875847019144398 339.84483395099795 -5.775130168908469 1
334 548.27 824.03 0.45 10.44 2.93 8.123697173441645 339.9332128332365 -5.774513164928169 1
342 1768.84 842.56 0.18 -18.12 3.48 9.91238606367359 339.8228034821881 -5.77362556175672 1
346 1082.38 846.57 0.3 45.5 2.26 5.044920237463819 339.8847705593023 -5.772927152676436 1
348 1198.67 851.3 0.24 -35.99 2.39 5.269285892539353 339.8741874917834 -5.772574785781314 1
350 259.2 853.78 0.18 -87.63 3.34 13.550479434968661 339.95900073443204 -5.771529704343634 1
351 940.74 855.19 0.52 32.49 5.73 19.915673662772665 339.89765427997764 -5.772045719667027 1
352 1835.77 855.9 0.4 36.27 3.14 10.676935894908674 339.81685249436003 -5.772449492376267 1
357 1429.56 861.87 0.1 32.89 3.04 6.02167724571038 339.85323359109896 -5.771749391496915 2
366 1178.49 878.43 0.13 -57.21 5.26 17.45723002821243 339.87600308981877 -5.770108475883213 1
367 912.82 875.53 0.27 -1.26 2.11 4.5596508721387 339.9001815970266 -5.770184645361318 1
372 1305.37 900.52 0.61 -48.17 5.64 22.252327431429187 339.8644550755373 -5.76818812171215 1
374 1383.55 896.72 0.34 3.26 2.93 7.01579854555761 339.85736872023284 -5.768577141739984 1
378 1935.11 906.08 0.05 -15.68 5.14 14.432432466595223 339.8080401004611 -5.767990034937288 1
381 1041.04 913.1 0.34 -45.36 5.41 16.41615881902697 339.88848866280966 -5.766878075079518 1
384 1210.18 913.15 0.25 -78.53 2.19 4.397053371113804 339.87309574514273 -5.766987394618284 1
387 2021.93 919.31 0.38 -2.27 2.93 8.0701397966756 339.80042887363857 -5.766840401753571 1
388 386.36 922.71 0.13 6.33 5.38 16.430478215667573 339.94768085693346 -5.7654753977886095 1
392 1295.34 925.74 0.67 -30.75 2.88 7.5361842628051345 339.86534669175086 -5.765901038536196 1
394 1356.08 928.78 0.35 -30.01 1.69 2.6205948216992407 339.8598327764646 -5.765663633341615 1
396 1020.91 933.68 0.27 77.13 1.87 3.382967624708411 339.89030814373314 -5.765001137733717 2
399 710.06 935.67 0.44 34.34 2.59 6.05100289845103 339.91855408822425 -5.764586325546781 1
402 1637.72 942.9 0.32 82.07 2.11 3.703913027532179 339.83441429498544 -5.764548012046497 2
412 1981.39 961.84 0.33 -55.37 3.91 15.423830624165873 339.8039292201666 -5.7630245967609115 1
413 393.0 963.68 0.34 53.27 3.39 10.559377144781624 339.9470680123461 -5.761796983104573 1
414 1478.29 965.16 0.21 13.14 2.88 11.212226043977264 339.8487453609319 -5.762448964170321 1
415 256.77 965.74 0.08 -51.73 2.19 3.101407133104722 339.9591730922459 -5.76149414479946 1
417 632.91 972.63 0.08 62.9 3.34 7.278820927798174 339.9255111110506 -5.761185713628107 1
420 589.5 975.53 0.17 -16.19 2.46 7.197297169256432 339.9294275348863 -5.760889943088314 1
434 1839.31 999.37 0.19 25.27 3.83 10.392393447270946 339.8164052768315 -5.759584591667787 1
435 574.94 1000.02 0.45 59.8 1.95 4.04044449665692 339.93072568249084 -5.758667986037191 1
439 397.81 1007.76 0.36 71.28 1.78 2.9345325886345806 339.94661393517714 -5.75783494589885 1
443 1344.69 1013.48 0.39 -51.1 2.46 5.426953760646777 339.86080505023534 -5.757994601922918 1
444 1312.87 1014.22 0.25 -44.25 2.39 6.439268337387695 339.86369215195094 -5.7579057584266975 1
449 364.29 1027.86 0.6 3.05 1.87 4.52138513723983 339.9495909743052 -5.756001459479831 1
453 1677.15 1031.0 0.16 -41.64 2.33 5.070255777410825 339.8308163409042 -5.756635835343656 1
457 1219.4 1045.77 0.31 -75.56 4.51 16.780555497029358 339.8721655253137 -5.7549849563912945 1
469 443.78 1060.15 0.3 -8.63 1.69 2.824646659564929 339.94246926513335 -5.753151263547106 1
483 1502.36 1090.56 0.24 -3.87 3.24 8.748081187312879 339.84648671532574 -5.751137169929995 2
495 287.78 1113.24 0.29 86.18 1.6 2.684532553671329 339.9563285125606 -5.748282111635464 1
505 1168.73 1126.2 0.11 -33.31 4.51 12.317516111579 339.87672351463704 -5.747665342987775 1
512 1340.81 1138.47 0.14 46.65 2.76 7.390295910074492 339.8610774436177 -5.74668291485543 1
513 534.37 1144.14 0.22 50.26 3.95 10.88086449766045 339.9342761485647 -5.7456370940400605 1
527 458.27 1167.11 0.53 35.54 1.6 2.2605299408361876 339.9410878609068 -5.743527942457468 1
529 1939.25 1173.93 0.14 1.9 4.44 11.084789506913985 339.8074934104338 -5.744024809672803 1
532 1985.78 1174.68 0.18 -60.19 2.11 4.0809668625741935 339.8034148590847 -5.744006303861942 2
538 396.46 1188.89 0.29 -4.97 2.82 8.159317694395602 339.9465943574462 -5.741539922386284 1
546 281.34 1209.82 0.05 -1.75 7.18 50.267496634820546 339.95680921813806 -5.739617329697713 1
561 843.3 1233.78 0.28 -75.03 4.11 12.434595036648366 339.9062618028016 -5.737712300372729 1
567 1205.98 1240.3 0.23 -24.98 4.37 15.869664111062313 339.87326685855135 -5.737368293452079 1
568 352.24 1241.64 0.64 49.34 1.95 4.0196963074746845 339.9504828729586 -5.736786249745641 2
570 593.42 1243.92 0.1 -54.54 2.52 6.158916384943321 339.92887275565226 -5.736670624375322 1
572 775.23 1245.43 0.23 70.05 2.71 5.731177270594699 339.91243074940854 -5.736621720500505 2
582 1799.17 1269.35 0.21 73.48 3.39 7.939823960176827 339.8198344046771 -5.735324652720473 2
585 1043.52 1271.45 0.47 -62.85 1.95 4.431281427353458 339.88802715024207 -5.7344330876849074 1
586 1397.86 1275.19 0.27 46.93 2.59 5.164284423635996 339.85583849316833 -5.734378187269336 1
590 1166.04 1281.91 0.19 63.45 2.65 5.633714301411674 339.8768739565457 -5.7335768037643335 1
592 1814.94 1287.08 0.41 -30.91 3.04 9.517813720134745 339.818433589816 -5.733755163888317 1
595 803.61 1289.03 0.31 -2.22 4.26 11.003426305792516 339.90982056072903 -5.732700134334546 1
607 1447.66 1315.34 0.65 -40.97 1.6 2.7036457836012104 339.851319920412 -5.730806521586808 2
609 1687.46 1327.89 0.32 65.33 3.52 13.226084364960158 339.8297691538194 -5.72994225888257 1
620 1889.39 1340.82 0.18 -40.14 4.3 13.89695312912676 339.81185344673133 -5.729048194589717 1
621 667.79 1340.28 0.33 -5.92 2.88 7.9125650014561995 339.9220706930261 -5.728019799566992 1
632 894.25 1360.67 0.39 13.23 4.26 14.03823765440039 339.90153399662273 -5.726285895002365 2
636 1536.02 1372.51 0.29 -18.24 1.69 3.7333136442218127 339.8433384187661 -5.725757278695001 1
679 791.64 1452.55 0.25 -16.57 5.11 18.681841540688808 339.91076015094376 -5.717969751798098 1
690 1504.19 1473.07 0.1 21.74 3.87 9.122368571576464 339.8461865376656 -5.716699093598842 1
703 678.91 1495.25 0.32 -40.73 3.52 10.23058897792711 339.9209031091678 -5.714106174114348 1
714 697.42 1520.59 0.48 34.21 2.39 5.499202967034697 339.919204966536 -5.711842089421332 1
717 603.47 1526.87 0.47 -88.43 1.87 4.757776722614086 339.9276581878094 -5.711266805920343 1
733 611.2 1571.07 0.16 -72.23 6.51 22.952810181961272 339.9269065276116 -5.707322456839633 1
737 1562.34 1581.46 0.5 60.89 4.41 14.766336827979485 339.8409651677917 -5.707096269994764 1
744 1758.9 1600.32 0.25 68.31 1.69 2.893441143054286 339.8234513993273 -5.7057407940241065 1
759 1380.1 1660.63 0.53 61.26 2.71 9.329122743459395 339.85734692233433 -5.699802495602591 2
760 1505.12 1658.89 0.42 -61.93 1.6 2.8954351528196636 339.84610618624527 -5.700127579546258 1
761 2004.02 1660.34 0.38 52.61 1.69 2.88905781314985 339.8019830710087 -5.700953769001993 1
762 381.36 1661.84 0.34 77.19 1.78 3.5922193034662175 339.9472854575073 -5.699313579813923 1
763 1517.31 1661.53 0.24 41.54 1.95 3.454743874704251 339.8450131541128 -5.699910873217167 1
802 1513.81 1751.79 0.25 36.54 3.09 10.033736586533529 339.84534563872904 -5.691918533179844 1
806 402.85 1764.89 0.23 -37.98 2.99 12.479961836316523 339.9451845543821 -5.690221588524733 1
818 689.51 1794.48 0.4 59.8 3.61 10.249514989104853 339.9195673536969 -5.687511554116869 2
819 181.3 1796.12 0.23 -21.51 4.62 17.356138753795896 339.9645791243285 -5.687688059733859 1
820 949.81 1795.39 0.16 -48.48 3.04 10.189557935444004 339.89613739452096 -5.6874789205505065 1
822 1076.47 1809.83 0.45 8.36 8.04 36.42669939019329 339.88469720498074 -5.686279877353032 1
833 514.88 1830.99 0.28 -78.4 6.86 35.009774226617594 339.9351126208864 -5.684357118438322 1
843 68.58 1860.86 0.22 -20.73 2.03 4.913894133505771 339.974163589471 -5.682221470417159 2
856 321.7 1903.89 0.11 -82.51 2.39 3.946655694301543 339.95203300334464 -5.678154032483419 1
860 477.18 1916.05 0.14 -65.41 3.34 7.874925629510463 339.93829288459733 -5.676953967937553 1
864 1975.67 1929.18 0.33 86.27 3.19 13.909878079222166 339.804794730909 -5.677478394753762 1
878 974.69 1954.89 0.54 4.08 1.6 3.810854443204633 339.8937598992753 -5.673497427021275 1
880 711.38 1963.64 0.32 -59.52 6.13 26.1662751444954 339.9173587231714 -5.672701616515292 1
886 1327.98 1976.29 0.39 -64.69 1.6 2.6448667320621935 339.8620312084565 -5.6719630495642805 1
902 56.93 39.39 0.68 -74.25 11.42 472.907474879662 339.97595942336017 -5.8425517667440765 1
952 1570.48 301.92 0.58 -51.32 2.11 4.482700389306332 339.84128808308895 -5.821788309249408 1
954 1219.27 480.13 0.13 60.37 2.33 5.3367320310030735 339.8726321622364 -5.805967320136098 1
968 1785.99 783.64 0.29 -75.12 7.84 30.125650602716213 339.8213476643717 -5.778911877606851 1
969 804.17 776.63 0.52 52.04 4.26 14.464548679612276 339.9101050479637 -5.779030879112973 1
970 813.77 784.09 0.01 27.67 5.81 20.116087474447895 339.9092310762025 -5.778365834292725 1
971 1082.61 884.6 0.2 -32.0 4.37 10.373919212799585 339.8847238109251 -5.769486378051872 1
979 1079.9 956.94 0.32 -26.95 8.21 43.15326477559901 339.8849218879404 -5.762935528499393 1
980 1085.52 965.96 0.43 -10.3 5.23 15.340083062282604 339.8844038519077 -5.7621224091067065 1
983 1924.86 1169.27 0.1 -57.05 5.94 21.221071997243758 339.8087591077865 -5.744426323746348 1
984 1908.76 1166.58 0.01 -21.2 3.78 7.362294358913836 339.810176980997 -5.744650789571561 1
985 1914.44 1170.96 0.15 14.74 3.83 6.557075585155304 339.80967490081423 -5.744264327689291 1
989 1303.68 1225.88 0.61 73.98 4.33 14.79752906189422 339.86439891789047 -5.738749197424603 2
1010 1424.38 1803.17 0.31 49.04 2.88 6.020666165195647 339.85337005283156 -5.687250771371067 1
