NUMBER xcentroid ycentroid ellipticity orientation equivalent_radius kron_flux ra dec flag
5 604.72 24.05 0.26 36.93 3.04 1.1725170954564638e-12 339.82569468280343 -5.98792184574802 1
18 592.71 49.59 0.35 18.34 1.6 3.3206456038602505e-13 339.82674045928144 -5.985669445560456 1
26 1898.55 68.46 0.03 -72.76 1.95 5.466483479890265e-13 339.7110893598244 -5.984901370722512 1
27 1048.9 73.74 0.22 31.54 2.46 1.3007111900538126e-12 339.7863262089806 -5.983861510107843 1
34 342.58 84.81 0.33 34.82 1.95 5.637215104653347e-13 339.84886624922154 -5.98240240069114 1
37 1641.56 102.21 0.64 78.3 2.33 1.0976827670179268e-12 339.7338240154917 -5.981762610017578 1
53 1653.54 160.39 0.37 -51.52 3.19 1.1191466227695e-12 339.73272450778325 -5.97665851352807 1
71 665.79 219.13 0.06 77.69 4.65 1.5285142608607497e-12 339.8201515887024 -5.9708237474832275 2
80 2028.4 243.2 0.53 59.12 8.57 6.964718972140728e-12 339.69947344629816 -5.969634915073928 2
81 1973.94 238.24 0.29 -37.8 3.74 1.520766364615905e-12 339.70429916139994 -5.970034193564453 1
94 1581.45 284.86 0.19 -89.09 5.14 3.190630564335048e-12 339.7390230529933 -5.965673318304737 1
128 772.25 391.94 0.1 -16.94 4.37 1.570718099578417e-12 339.81060467595967 -5.9557128121567375 1
136 805.98 409.69 0.32 44.11 3.04 2.266960012907006e-12 339.80760579049644 -5.954176795247456 2
159 1765.64 493.09 0.49 32.29 1.6 3.7117595260266213e-13 339.72257279999 -5.947501536390483 1
166 1532.94 517.11 0.32 -47.43 4.79 2.3434528711483285e-12 339.74316101731057 -5.94523368917653 1
167 944.73 520.78 0.31 53.0 6.53 4.126600279711308e-12 339.79524329650286 -5.944510811847295 1
175 1446.76 535.65 0.3 -33.65 8.35 4.219136034963469e-12 339.7507800735156 -5.943546794500688 1
195 1982.68 578.22 0.04 16.76 4.3 1.5275204285937673e-12 339.7032966929047 -5.94016767450256 1
197 739.04 579.03 0.56 39.83 1.87 5.863474472322396e-13 339.81341696359505 -5.939250843186244 1
203 1040.13 591.75 0.21 -32.11 2.26 7.984016995948294e-13 339.78674729522425 -5.938339794787051 1
207 1966.28 599.0 0.3 -0.24 3.19 1.2125034409825696e-12 339.70473489309984 -5.938330725267649 1
210 1968.67 611.75 0.32 7.05 7.14 4.142498924501413e-12 339.70451446745255 -5.937211705453764 1
223 298.44 660.37 0.54 38.78 2.59 9.933703195199862e-13 339.8523734349082 -5.931799743715724 1
231 294.95 684.95 0.51 -28.06 2.46 8.754766208434312e-13 339.8526655874085 -5.929637389872831 2
234 1380.12 695.27 0.73 -74.23 1.69 6.005075594853789e-13 339.7565720792257 -5.929476127834485 2
236 825.96 701.01 0.02 39.79 1.69 3.160505820301541e-13 339.8056357513165 -5.928592961667302 2
246 820.69 737.28 0.24 47.31 4.44 1.5343954741703667e-12 339.8060777305933 -5.925402388981639 1
249 755.31 743.51 0.31 52.71 2.03 4.4822937663316426e-13 339.81186251158914 -5.924810775546282 1
258 724.65 771.2 0.42 79.39 4.37 2.1866389986193264e-12 339.81455799568056 -5.922356004455139 1
264 1894.1 779.1 0.41 -24.64 1.87 9.1162985095022e-13 339.7110051178798 -5.9224574066567675 1
275 341.55 803.28 0.57 35.38 8.12 5.304802088024292e-12 339.8484572746053 -5.919272665639078 1
288 407.84 829.11 0.21 43.68 1.6 3.208085777265202e-13 339.84256924902206 -5.917049288509342 1
293 1410.5 850.97 0.27 -71.02 2.52 7.442704792629039e-13 339.75377552407383 -5.9158162102663585 1
294 1401.09 851.66 0.25 -75.63 1.87 4.0745606086890546e-13 339.7546084274126 -5.915749138605394 2
301 435.21 864.24 0.32 26.41 2.52 8.377444693328002e-13 339.8401219266528 -5.913980980118122 1
302 534.94 862.9 0.49 -7.48 1.78 6.656023205645331e-13 339.8312926092465 -5.9141684229175135 1
311 1691.53 886.81 0.14 -51.01 3.39 1.0609242838358693e-12 339.7288680104145 -5.912857580914117 2
317 1273.38 905.76 0.17 8.56 4.07 1.5727586766807685e-12 339.76587933893586 -5.910908729931409 2
324 417.7 919.09 0.49 -47.38 5.26 2.7828211699165926e-12 339.8416341830261 -5.909149430827247 1
338 697.58 948.11 0.06 41.33 3.39 1.1237348405865038e-12 339.81683309677265 -5.906793595722705 1
358 216.48 997.05 0.5 24.67 4.92 2.2681229146494336e-12 339.859395901525 -5.902160546536297 1
369 632.38 1025.6 0.16 53.58 3.99 1.2978569188437587e-12 339.82255228405205 -5.899940121953105 1
386 715.27 1061.48 0.19 -88.8 6.33 3.254867963272322e-12 339.81518798354676 -5.896844014977634 1
400 240.99 1105.23 0.44 -85.03 8.08 5.714619228783838e-12 339.8571500573704 -5.8926718005075704 1
402 952.19 1098.47 0.23 30.37 2.11 4.89436806002511e-13 339.79418556077445 -5.893757035322703 1
403 1238.48 1099.26 0.52 -33.87 2.19 7.430623979713684e-13 339.7688371893582 -5.893883212008826 1
414 44.04 1128.69 0.41 -43.63 3.57 2.0255146364259744e-12 339.87457182709994 -5.89047382681987 2
421 305.35 1138.19 0.25 -19.99 4.79 2.29959455988617e-12 339.85142929599584 -5.88982066025261 1
424 178.1 1142.58 0.2 -7.3 2.46 7.256038441788863e-13 339.8626928079041 -5.889346735790542 1
427 1365.75 1146.68 0.14 43.75 2.46 8.220705021926488e-13 339.75753653673195 -5.889802601436236 1
432 153.84 1169.61 0.3 -7.22 3.34 1.3826947929101322e-12 339.86482140934214 -5.886954728142374 1
440 792.7 1185.63 0.74 33.56 1.69 3.7388832888308344e-13 339.8082466551402 -5.885989109617982 1
443 714.94 1186.83 0.34 4.09 3.09 1.2512198818052988e-12 339.815130771324 -5.885829912096438 1
445 205.78 1195.62 0.24 -37.53 2.59 8.985868486248556e-13 339.8602052917342 -5.884705281631195 1
449 597.57 1206.58 0.53 74.93 2.82 1.0727868932832273e-12 339.82550856087784 -5.884013731529012 1
456 1352.3 1223.48 0.48 33.68 2.11 5.779081330142533e-13 339.75867486340945 -5.883045423727853 1
469 1745.92 1246.23 0.54 -54.24 1.6 3.286244373692157e-13 339.7238093751241 -5.88131362141036 1
470 143.17 1248.19 0.07 -18.07 1.87 5.094032121552302e-13 339.86571123317276 -5.880042533150197 1
493 1394.28 1296.22 0.52 65.82 1.78 6.271468946298023e-13 339.75490870385386 -5.876683350621288 2
503 1686.87 1332.39 0.34 -18.53 7.4 4.424010293081971e-12 339.72897932365873 -5.8737033997379315 1
507 411.84 1337.04 0.23 -72.79 1.95 4.8491571909951e-13 339.8418628320089 -5.872422357542206 1
511 723.84 1345.98 0.22 -72.22 2.88 9.321483043687129e-13 339.81423255804077 -5.871852220796069 1
539 1985.36 1411.97 0.27 -47.78 1.78 4.955737018161437e-13 339.7024985286619 -5.86691180113684 1
554 349.15 1457.99 0.25 -51.42 7.4 3.7467208912624e-12 339.8473284824383 -5.861751878786316 1
576 1352.42 1499.86 0.29 66.86 5.75 2.7002661288229044e-12 339.75847591307405 -5.8587618703805715 1
605 911.1 1567.93 0.11 -50.12 3.61 1.7355648585690446e-12 339.79750095947213 -5.852479060826251 1
607 629.57 1569.88 0.1 -54.27 3.78 1.1963968811194695e-12 339.8224242623631 -5.852114666741224 1
610 1144.69 1580.79 0.41 84.22 2.19 7.292381922115384e-13 339.77681180747624 -5.851509604221587 1
639 1923.27 1656.12 0.21 33.57 2.76 8.216315861196774e-13 339.70783114649834 -5.845417812869762 1
643 599.83 1670.11 0.73 -38.5 2.11 7.496895659359769e-13 339.82498802821044 -5.843286738116701 1
651 1091.11 1692.91 0.21 -87.01 4.41 1.5093529254533437e-12 339.78147854038565 -5.841621042222037 1
657 788.17 1713.46 0.17 -1.66 3.99 1.8475582257897402e-12 339.80828426949694 -5.839607573525246 1
661 1370.65 1718.75 0.38 -78.19 4.82 2.5149656094373327e-12 339.7567130285179 -5.839541512880452 1
668 1271.69 1726.75 0.15 50.26 3.83 1.3167850132657908e-12 339.76546825746476 -5.8387710254558876 1
673 1387.58 1734.84 0.54 41.56 3.14 1.5464332260194603e-12 339.7552032315876 -5.838139212430486 2
678 1908.24 1743.37 0.4 25.68 2.39 9.003316728924198e-13 339.7091024847167 -5.837741490365323 1
681 1389.02 1750.61 0.24 32.93 3.04 1.027402034024123e-12 339.7550646750473 -5.836754270787518 1
695 227.43 1786.7 0.3 -47.7 3.48 1.3462453464240532e-12 339.85787580440484 -5.8327852337927855 1
701 1158.56 1804.7 0.41 -84.09 2.99 1.6077696380218907e-12 339.7754306435014 -5.83184441291817 1
714 756.5 1845.81 0.34 81.55 3.95 1.2878260201238873e-12 339.8109968339119 -5.827957046926363 1
716 804.09 1847.7 0.44 68.89 2.11 6.415693365141089e-13 339.80678224071994 -5.827823827540192 1
723 273.59 1873.2 0.3 -44.73 5.08 2.475907680299052e-12 339.85372905670204 -5.8252171311723036 1
728 399.45 1878.07 0.35 -41.27 3.66 1.939279147701647e-12 339.8425833085535 -5.824876556906478 1
744 1655.13 1922.44 0.55 71.22 5.59 3.5416439365777074e-12 339.7313900846808 -5.821836851734612 1
747 1485.89 1923.02 0.06 -88.77 2.99 2.0234819374456206e-12 339.746371831609 -5.821671146818955 1
756 1631.88 1947.86 0.21 -45.59 1.6 3.5583065245210723e-13 339.73343106630637 -5.8195869510321305 1
757 930.86 1952.13 0.26 56.89 1.6 5.679184101839824e-13 339.79548709845534 -5.818734925797671 1
770 124.29 1996.32 0.25 64.56 1.78 7.325294487933688e-13 339.8668606463841 -5.81429521040391 2
776 93.46 2001.32 0.71 -89.25 1.87 5.006410029173887e-13 339.86958604452315 -5.813834534409417 1
808 808.11 2021.17 0.48 -88.16 5.38 2.751141579159102e-12 339.80630656853225 -5.812584848964704 1
811 223.74 2021.76 0.47 -43.56 4.33 2.1676444292774685e-12 339.8580386285875 -5.812128753474973 1
816 1854.43 2027.77 0.3 -19.35 1.87 6.295164905524693e-13 339.7136749136574 -5.812716455351306 2
830 1009.15 2050.73 0.36 -62.22 3.57 1.2503217762114063e-12 339.7884893746515 -5.810125509995586 1
850 1302.97 174.55 0.1 -83.51 7.27 6.85810215596527e-12 339.76375873341544 -5.975176973095808 1
851 1296.36 178.73 0.43 59.13 3.24 1.2184952449895794e-12 339.7643412283991 -5.974805084989651 1
852 1307.9 181.7 0.39 -34.64 4.37 1.691117762390859e-12 339.76331727582476 -5.974552380481591 1
861 288.42 527.94 0.07 -70.9 7.2 7.40308247131858e-12 339.85335300800153 -5.943428488308787 1
894 960.21 1761.71 0.33 80.97 3.87 1.1661786357247612e-12 339.7930200098802 -5.835486145837651 2
895 959.65 1769.17 0.1 73.61 2.52 7.188389429090251e-13 339.7930641952344 -5.8348307447505015 2
902 418.71 1925.56 0.34 32.68 8.72 8.110892044557671e-12 339.8408453054142 -5.820716827617968 1
903 406.28 1921.78 0.37 54.88 2.93 9.69456379563632e-13 339.8419487187467 -5.821040307821489 1
