NUMBER xcentroid ycentroid ellipticity orientation equivalent_radius kron_flux ra dec flag
26 1848.87 41.84 0.55 -84.13 1.6 1.9996781957767864e-17 322.2083651157306 0.03875413817744201 2
43 1750.12 63.08 0.69 -49.36 1.78 2.842520734122191e-17 322.2171176902994 0.04073338719770897 1
55 714.73 79.25 0.42 -44.53 2.99 6.764970078493168e-17 322.3088583055773 0.042738160306352135 1
60 792.82 87.71 0.37 -37.84 1.78 2.4311715343798537e-17 322.30193510398556 0.04347557163525909 1
66 562.21 91.77 0.33 5.26 1.6 2.137630694087483e-17 322.322358548747 0.04386772461908385 1
69 1887.82 96.58 0.2 -79.93 1.69 3.3186224498766894e-17 322.20491142031057 0.04356750584258911 1
74 1996.63 101.41 0.7 -65.88 2.11 4.180336282828344e-17 322.19526715173345 0.04387795855539887 1
94 707.53 130.32 0.18 -85.08 3.39 7.746444698905427e-17 322.3094589878367 0.047278260952310594 1
103 1543.53 142.98 0.28 -37.96 4.95 1.1085111826974766e-16 322.23541047919133 0.04799825231433479 1
107 829.71 143.21 0.37 81.43 1.6 2.0414409865774226e-17 322.2986306841986 0.04839741546792064 1
113 1347.74 154.29 0.13 60.0 5.7 1.712101804485905e-16 322.25274972762156 0.049143819713484076 1
126 121.35 171.87 0.21 -78.6 2.19 3.515336526640547e-17 322.36131292976347 0.05094503492968122 1
144 747.02 199.99 0.28 -52.32 4.18 7.527908112385969e-17 322.30591197181855 0.053459424202275285 1
150 252.68 212.15 0.69 -56.85 5.23 1.817179886998505e-16 322.3496491545298 0.05455405836339351 1
152 768.06 212.41 0.22 63.11 6.0 1.4662969525751995e-16 322.304041459599 0.05455723103457478 1
171 577.73 233.78 0.32 -83.7 1.6 1.758036352720993e-17 322.32086777419363 0.05648547005239204 1
176 1123.19 239.33 0.43 39.31 4.89 1.6884020996468093e-16 322.27259376099204 0.05681640476334306 1
180 355.31 244.92 0.21 83.5 1.78 2.851908342770204e-17 322.34053660267887 0.05747784990740008 1
192 1808.45 272.45 0.52 6.12 5.01 1.4814768978226608e-16 322.21192819470656 0.059228823204277074 1
199 1417.3 289.41 0.23 -57.65 3.04 6.091836577925875e-17 322.24654341185186 0.06107293700426258 1
201 875.34 290.47 0.27 -77.66 3.04 7.343341093798933e-17 322.2944940408912 0.06145457013175357 1
209 1003.26 299.45 0.54 37.32 1.69 2.6103964455530215e-17 322.28317236698905 0.06220275985868783 2
227 247.65 319.28 0.13 -11.94 2.39 4.1928782607938804e-17 322.3499840902485 0.06407053531899495 1
250 1517.7 360.09 0.42 -29.33 4.03 7.767947674878539e-17 322.2376374222287 0.06725377258116547 1
279 1996.7 393.39 0.42 -74.4 1.6 4.1238761210112623e-17 322.19526119451797 0.06971853616276741 1
289 1203.38 402.75 0.51 -41.46 2.65 4.306819618298629e-17 322.2654168435553 0.07125279522602354 1
290 691.57 409.7 0.75 86.57 4.41 1.0982832964951635e-16 322.31065643315134 0.07207516560278891 1
293 767.09 410.65 0.31 29.78 7.46 2.605861183520582e-16 322.30398059161024 0.07214163488863622 1
301 1784.29 420.09 0.28 -53.15 2.33 3.992839817078939e-17 322.21404505444184 0.07231409126788697 1
323 720.78 471.75 0.03 -28.51 10.56 4.873712916261234e-16 322.30802569228837 0.07756682096425756 1
352 471.02 515.36 0.18 -38.15 3.83 8.853459698856059e-17 322.33004875815374 0.08146987720791542 1
353 695.94 515.32 0.4 -43.02 2.52 4.973850660433631e-17 322.31018357680114 0.08143205232906967 1
355 297.01 518.54 0.51 80.69 2.39 6.061509121032467e-17 322.3454116983004 0.08175224633893126 2
379 585.31 556.96 0.31 -69.73 4.07 8.056915511943692e-17 322.3199176702747 0.08514108726795219 1
417 1070.91 610.98 0.25 -37.52 3.95 7.719676320224419e-17 322.27700233892995 0.08975005588590017 1
441 1374.36 647.05 0.36 -11.57 2.03 2.9864912652875595e-17 322.25019395524663 0.09273825172809337 1
462 1272.81 681.91 0.13 -87.71 4.3 1.22629035465372e-16 322.259139360694 0.09589076139909061 1
500 1970.07 728.64 0.38 -66.81 1.6 2.039345613639357e-17 322.19758714265475 0.09933783901416346 1
502 718.75 736.41 0.49 -87.14 1.6 2.8424114199015887e-17 322.30798353301765 0.10098342398156478 1
508 1521.48 740.64 0.34 -58.4 1.95 2.8770392720609365e-17 322.2371698545269 0.10087498304954545 1
522 1600.03 756.86 0.08 -25.19 2.71 5.087598000161281e-17 322.2302327753989 0.10223146438386256 1
545 1859.67 787.59 0.12 -52.87 1.95 3.1012140707191233e-17 322.2073183129709 0.10466423260823997 2
577 218.81 841.74 0.11 -2.97 3.7 7.903192585709456e-17 322.35194565383676 0.1103540554499412 1
591 794.02 858.04 0.24 -89.82 2.11 3.137249072915861e-17 322.30124315592417 0.11169922367076066 1
596 569.03 862.31 0.2 63.21 1.95 2.52439661885294e-17 322.32106533938725 0.11214345004535162 1
622 956.42 910.1 0.33 75.79 1.78 2.5107387007125603e-17 322.28689107642265 0.11621980285792563 1
651 908.04 963.19 0.26 -19.52 2.11 3.56914579671667e-17 322.2911106474724 0.12092424724558401 1
658 904.52 979.01 0.24 -59.61 2.39 3.954701306608294e-17 322.29140811618197 0.12232067081106397 1
671 550.99 1006.76 0.34 -74.51 3.09 5.96592962314886e-17 322.3225087549285 0.12489443505620834 1
699 1510.11 1050.99 0.52 65.57 1.69 2.1898597224904982e-17 322.2380363806849 0.12822138000619396 2
737 1079.98 1113.58 0.09 -30.29 3.99 6.644401826223518e-17 322.27585733946364 0.13407261981511848 1
755 920.03 1143.35 0.41 -25.05 2.39 4.043617580796894e-17 322.28990575368505 0.1367866385572589 1
768 364.24 1162.21 0.18 -79.48 1.95 3.0565208247030073e-17 322.33876709556137 0.1386289402591412 1
786 1510.87 1192.13 0.47 -22.78 1.87 2.2329202979112834e-17 322.2378999702887 0.1406268810119519 1
803 992.58 1230.43 0.38 2.06 4.69 1.3056899661502892e-16 322.2834533962889 0.1444045485474014 1
813 519.9 1248.05 0.09 -0.64 2.65 4.5267272183400535e-17 322.3249855868349 0.1461576201982786 1
826 903.61 1269.32 0.22 89.12 3.83 8.509601493769507e-17 322.291240740024 0.14787501914165652 1
847 1239.19 1298.63 0.12 -82.98 1.69 2.140646698225067e-17 322.2617239872697 0.15022368889427093 1
852 444.59 1306.71 0.51 -57.83 2.03 3.249156589797348e-17 322.3315360698134 0.15133707768371135 1
876 679.88 1354.32 0.27 -72.33 1.87 2.2598750539352573e-17 322.3108165932687 0.15545146882074662 1
881 776.67 1358.9 0.4 -43.9 2.39 3.7437045989332925e-17 322.302310873416 0.15581202502789884 2
882 1554.23 1362.05 0.36 -42.22 2.26 5.330636928060165e-17 322.2340001454671 0.15549763038849346 1
935 604.17 1466.72 0.2 -76.61 2.76 4.4893030969350404e-17 322.31734269061866 0.16535463771427056 1
951 581.32 1497.77 0.15 -9.96 1.69 2.071946181297703e-17 322.31931303832005 0.16808862509695027 1
961 288.92 1516.52 0.45 10.97 3.57 9.608904563137057e-17 322.344942350453 0.16980655014383134 1
969 1809.01 1539.17 0.53 -38.07 1.87 2.651088213019328e-17 322.21154197451386 0.17071748389668304 2
972 788.37 1546.8 0.34 -72.03 1.6 1.9747063197122094e-17 322.3010959409495 0.17230135044479436 1
1026 673.97 1658.03 0.06 -39.82 3.99 6.857204166592463e-17 322.31100900092815 0.18210842558114734 1
1027 805.71 1664.84 0.17 65.7 8.9 3.9313349577967945e-16 322.29945420355455 0.1826396653553174 1
1039 1895.82 1681.64 0.47 -56.46 1.6 2.043784483273951e-17 322.2038683970603 0.18305974348453094 1
1054 105.25 1711.45 0.38 -25.49 6.84 2.43615611638303e-16 322.36077250595395 0.18693192827328925 1
1058 581.14 1709.09 0.64 31.26 1.69 2.0476597846913907e-17 322.31908576926287 0.1866224324325302 1
1063 21.01 1722.61 0.5 -67.99 1.6 2.4129596396365643e-17 322.3681342891995 0.18791203066541207 2
1064 1124.51 1725.47 0.27 5.18 2.76 4.436593351027778e-17 322.2714562913609 0.18773116371500387 1
1071 391.16 1741.87 0.19 46.33 1.6 1.625078266673075e-17 322.33568710624587 0.1895573984336004 1
1076 1110.16 1763.22 0.45 -69.55 6.28 1.7647602762460308e-16 322.272680752671 0.19104530554879828 1
1121 228.7 1817.21 0.24 -71.22 2.82 5.594883253337682e-17 322.34981094520896 0.1961915329581998 1
1127 1063.24 1820.56 0.12 47.13 2.03 3.289764024129927e-17 322.27673934485415 0.1960968817101933 1
1160 1834.85 1875.72 0.18 72.43 2.88 9.106891246084911e-17 322.20912577287265 0.20008819372613143 2
1161 1859.47 1874.87 0.49 -19.9 1.6 2.6499845891223588e-17 322.2069701148807 0.19997964463871948 1
1164 408.06 1878.83 0.53 -26.54 1.95 3.133756462404462e-17 322.33402845715744 0.20154686836995378 1
1166 1475.56 1878.63 0.14 -14.28 1.87 2.5401283285683328e-17 322.24058654758926 0.20078387848422213 1
1171 1462.97 1885.91 0.32 55.59 2.52 4.0976490194194135e-17 322.2416838797107 0.20143323845635655 2
1210 849.47 1957.83 0.04 -18.34 2.11 2.6449482218985584e-17 322.29531288603624 0.20824664862565656 2
1212 976.37 1961.28 0.39 -85.05 3.24 8.244838235380668e-17 322.2842073261466 0.20846001752403023 1
1219 812.81 1974.3 0.54 -55.81 1.6 1.8497776311597524e-17 322.2985015540772 0.20970877844306798 1
1239 1730.88 2020.76 0.4 5.96 1.6 2.2076758912141393e-17 322.2181503758278 0.21287272713028227 1
1240 543.16 2030.78 0.4 23.81 4.98 1.6068026139441808e-16 322.32201471061927 0.21478529942951957 1
1251 1357.5 2050.6 0.52 -22.74 1.78 2.840464913883757e-17 322.2507897529274 0.21591468753758866 2
1299 175.38 361.55 0.58 -60.71 1.78 2.4780274244320013e-17 322.35632705981135 0.06781202163014338 1
1363 495.45 1850.28 0.32 -59.57 2.71 5.1646545770168986e-17 322.3264176625037 0.199019719365397 1
1364 501.23 1853.15 0.09 30.97 2.93 3.55418542341713e-17 322.3259077151888 0.19926881821222164 2
1365 513.76 1861.3 0.61 36.2 8.99 3.43136209146742e-16 322.3248007390729 0.19997682856879562 1
1366 500.68 1893.24 0.23 75.79 3.74 7.700306721761083e-17 322.3259056581942 0.20277638156303243 1
