NUMBER xcentroid ycentroid ellipticity orientation equivalent_radius kron_flux ra dec flag
13 489.95 26.76 0.52 -11.24 5.73 3.7351821621418585e-12 126.54322060470386 4.158959181700165 1
21 475.05 34.07 0.12 -28.32 1.87 6.72389685566814e-13 126.5445256758405 4.159615514317327 1
81 1634.16 96.97 0.07 -49.8 3.14 9.453802986613832e-13 126.44236622512491 4.164040986152546 1
84 189.86 102.33 0.28 69.7 1.69 4.0597627859469907e-13 126.56958156457614 4.165885342921975 1
98 1879.31 125.48 0.35 28.03 1.95 8.026053314115986e-13 126.42074463359025 4.16631190695392 1
105 891.58 137.81 0.39 49.55 3.14 1.1109464068437258e-12 126.50773704671052 4.168339807564127 2
109 1934.88 145.19 0.47 -40.55 2.76 1.7246551895721283e-12 126.41583075589004 4.167991114538216 1
120 1677.14 159.83 0.08 -8.02 4.89 1.7315422868612928e-12 126.43851990503285 4.169525436353846 1
151 396.84 207.94 0.12 28.15 2.11 6.32963074437741e-13 126.55125006998111 4.174972909610183 1
153 616.91 208.58 0.25 6.47 2.88 9.389954781066284e-13 126.53186399291786 4.174820978116752 1
154 1770.75 208.05 0.44 -47.25 1.69 3.837243699526984e-13 126.43022796153193 4.173674645834362 1
157 1514.23 213.06 0.27 79.52 2.52 8.346768396237862e-13 126.45281894446619 4.174360175166346 1
172 2006.43 240.88 0.09 -51.49 3.19 1.083272023983333e-12 126.40943583986603 4.17633352557028 1
196 911.67 292.75 0.3 -36.05 3.7 1.3479611260042093e-12 126.50582019672724 4.181939806981448 2
204 757.75 301.53 0.2 -27.96 2.26 5.871853605349725e-13 126.51936986625056 4.182857702870726 1
222 219.1 326.04 0.29 21.21 2.71 8.866660802962578e-13 126.5667943981865 4.185522640490767 2
227 1387.72 339.54 0.32 74.86 5.26 2.263731515318582e-12 126.46384172026507 4.185599423278302 1
228 1443.72 336.3 0.08 -49.61 2.39 7.457644998524336e-13 126.45891150900093 4.185260889797661 1
250 1126.07 369.35 0.51 -64.56 3.34 1.570639886245868e-12 126.48686057051856 4.188468979644581 1
272 1092.38 401.61 0.18 74.94 1.87 4.602058293433771e-13 126.48979752055882 4.191336734497703 1
282 944.49 414.22 0.27 -70.33 2.26 6.859737583688791e-13 126.50281263633336 4.192586588899421 1
303 1107.97 451.33 0.41 -66.02 4.89 2.2960430319819736e-12 126.48837645993339 4.195692883612822 1
322 1882.98 488.96 0.33 79.62 2.65 9.811379480727369e-13 126.42007179758673 4.198259455284722 1
357 2008.98 542.77 0.59 -73.05 1.69 4.423885872856371e-13 126.40892007982046 4.202868032130488 1
363 1337.1 553.89 0.35 16.3 1.87 4.655203344670143e-13 126.46809493069145 4.204489699089761 1
365 210.05 562.73 0.45 43.65 3.78 1.6161504002064878e-12 126.56736729559809 4.2063364326575545 1
378 1581.56 569.25 0.25 -28.32 1.95 4.845193450629966e-13 126.44654551107723 4.2056058257782665 1
384 369.18 579.9 0.41 -14.63 1.69 4.5092269930861747e-13 126.55333353631222 4.207694892014535 1
389 1901.29 582.36 0.53 19.23 1.95 6.318820754015062e-13 126.41836851835183 4.206451310272593 1
401 1392.25 596.26 0.38 -8.5 1.6 3.6614753206038315e-13 126.46319587089965 4.208160689768144 1
444 949.94 655.12 0.41 81.91 1.78 4.599879079294524e-13 126.50210289725027 4.213756724189875 1
449 1663.82 658.63 0.22 -71.82 1.69 3.3870287186495777e-13 126.43921334985008 4.213383823649669 1
473 648.72 692.47 0.26 -25.84 2.26 6.114148754468599e-13 126.52860218430705 4.217325764385378 1
477 118.29 700.5 0.36 -22.03 1.87 5.810889116845047e-13 126.57531996798066 4.218532827517368 1
481 1071.16 702.85 0.17 44.56 1.6 2.9291703471156313e-13 126.49137878806097 4.217837065058065 1
495 1809.41 722.07 0.12 55.48 3.39 1.3361280972150731e-12 126.42632745375619 4.218820177981076 1
509 1231.26 732.94 0.52 -33.04 2.26 8.658594970173286e-13 126.4772469653634 4.220328788995971 1
532 1799.02 763.19 0.14 15.81 5.38 2.2298829078969114e-12 126.42720336809094 4.222444761058437 1
544 1180.1 772.78 0.61 52.39 1.95 7.66562488936012e-13 126.48171551570839 4.223879791853317 1
547 1894.29 777.22 0.28 -37.08 2.11 7.763735404685037e-13 126.41879741952359 4.223586419597417 2
563 1678.7 815.5 0.27 70.09 4.95 3.4198744163725153e-12 126.43775198795869 4.227158382253133 1
585 759.47 843.49 0.43 77.54 3.57 1.5263676314282547e-12 126.5187022500398 4.23049580412935 1
594 1645.91 851.23 0.02 1.62 3.24 9.39925881990313e-13 126.44060610760138 4.2303308017594485 2
607 1018.02 876.01 0.21 57.38 5.08 2.156971540048202e-12 126.49589468994323 4.233108399253963 1
619 2025.23 895.21 0.6 73.13 1.69 4.1359822478479845e-13 126.40714868690876 4.233832221971334 2
662 1210.97 944.69 0.36 52.05 1.69 3.317015883559132e-13 126.4788312852458 4.238961907114057 1
664 515.85 947.84 0.26 46.75 4.15 1.4388289352255783e-12 126.54006377398792 4.239899071513337 1
672 1208.7 951.95 0.19 38.73 2.65 7.874516466852061e-13 126.47902488010944 4.239601804415669 1
677 1751.58 958.82 0.13 -86.44 3.39 1.08215234506869e-12 126.43119438423714 4.239686873184199 2
685 178.27 961.74 0.6 -5.44 1.87 4.760338010153509e-13 126.56978986245849 4.24143985290113 2
695 1864.98 970.98 0.03 5.61 1.69 3.768334457508278e-13 126.42119289234672 4.240646605462076 1
724 911.77 1005.48 0.6 75.24 1.78 7.221097184086465e-13 126.50513102573218 4.244590339931204 1
734 62.64 1019.32 0.34 -15.32 2.76 1.0903684788002734e-12 126.57992147019812 4.246610316875021 1
735 497.71 1019.06 0.69 53.1 1.95 5.296088445247013e-13 126.54159468804315 4.246176847511708 1
751 1410.11 1033.87 0.58 43.99 1.69 4.151020317199675e-13 126.46120322939613 4.246610345269311 1
764 630.06 1045.7 0.51 66.63 1.6 4.167880604760581e-13 126.52991011905472 4.248393042315914 1
769 1188.97 1050.79 0.21 86.86 1.78 3.77923602252276e-13 126.48066865078393 4.248309124633006 2
782 1675.42 1060.4 0.28 -19.87 2.88 1.0884196338784083e-12 126.43780592207389 4.248688772082358 2
800 1346.85 1077.94 0.44 -82.53 2.33 6.849577652810834e-13 126.466733611646 4.250544893765505 1
833 260.76 1135.32 0.19 1.59 3.43 1.5553972119249873e-12 126.56235830697914 4.256619840056271 1
868 240.03 1184.15 0.07 88.09 5.01 2.1554348508991084e-12 126.56413812628908 4.260932241653979 1
874 1943.26 1187.23 0.19 35.23 2.19 6.917785199713752e-13 126.41408812979648 4.259580301986212 1
891 115.03 1204.11 0.47 70.92 2.26 9.321834277445834e-13 126.57513112875658 4.262804630278181 1
892 56.57 1203.92 0.63 -9.44 1.87 6.959488023394355e-13 126.58028183769201 4.2628429032345085 1
938 1115.75 1252.5 0.36 84.32 1.87 5.540864985667229e-13 126.48692585919032 4.266108990483829 1
941 658.96 1257.33 0.29 74.86 2.71 8.82302335965159e-13 126.52716230184424 4.26696783522573 1
949 726.52 1271.24 0.27 -0.33 1.78 4.1941543008307185e-13 126.52119781197423 4.268126495078789 1
956 958.17 1278.3 0.26 50.57 2.59 9.94141403887707e-13 126.50078368815161 4.2685276015881355 2
975 278.15 1294.96 0.28 12.8 3.91 1.8457374239020323e-12 126.5606748138301 4.2706364579282 1
1035 657.6 1353.6 0.3 -77.59 2.19 5.820316799230129e-13 126.52719064448982 4.275431359408327 1
1062 268.5 1382.44 0.48 -10.36 2.76 1.235637177342995e-12 126.56144183206058 4.278334628323276 2
1106 901.94 1423.53 0.12 71.89 4.15 1.3378199569720037e-12 126.50559868259079 4.281346615256632 1
1131 1772.77 1447.57 0.05 -87.25 2.82 9.56373404829289e-13 126.42885669581317 4.282628500120598 1
1135 1454.18 1450.54 0.11 -69.47 3.19 1.1875574016194063e-12 126.4569217089754 4.283194473474507 1
1138 1795.42 1457.69 0.35 49.3 6.96 4.584589446159646e-12 126.42685221186298 4.2834958744528855 1
1169 386.23 1481.85 0.41 -65.12 1.95 5.646840946079565e-13 126.5509761139326 4.286961774655196 1
1173 1038.98 1484.39 0.15 4.68 3.61 1.7153545624007652e-12 126.49346749740067 4.286565703373259 1
1204 912.2 1517.36 0.08 -25.59 2.03 5.039660837269241e-13 126.50460509941742 4.289585024251641 1
1227 1047.02 1542.1 0.43 49.06 1.69 6.459682013060535e-13 126.49270384641248 4.291631414014998 1
1255 1798.45 1580.23 0.18 54.82 8.25 5.2989730104175705e-12 126.42646725812197 4.294264129824969 1
1297 597.25 1623.01 0.22 76.67 2.46 7.738745928273927e-13 126.53225124475274 4.299170272429122 1
1304 1493.09 1632.03 0.34 39.85 4.3 2.1235065700676676e-12 126.45331935881785 4.2991108224093555 1
1310 1916.47 1635.11 0.53 58.5 2.19 7.664700534074341e-13 126.41601664840127 4.298975187401219 2
1312 1663.06 1638.06 0.12 67.22 3.99 1.4919831676233516e-12 126.43833884825234 4.299477684536695 1
1334 555.96 1661.08 0.52 24.99 1.69 3.9323317619653084e-13 126.5358528432487 4.302556068465784 2
1342 335.36 1670.27 0.45 14.51 2.59 9.58683815984028e-13 126.55527925174913 4.303572655045034 1
1373 1447.44 1705.09 0.37 -38.26 2.33 7.314509414830739e-13 126.45727101111119 4.305575894304092 1
1407 1870.91 1754.48 0.28 63.01 3.99 1.7631776546641962e-12 126.4199154561272 4.309511713237365 1
1413 117.1 1759.57 0.35 -45.11 4.72 3.2497378836669414e-12 126.57442319980002 4.311628449278098 1
1436 97.92 1795.88 0.17 -24.48 3.24 2.2568727791201945e-12 126.57607860005332 4.314837639236156 1
1442 1947.31 1798.52 0.22 58.43 3.99 2.0562737010144124e-12 126.41314189336279 4.3133098867932445 1
1452 1013.0 1810.76 0.49 -84.56 1.95 1.1635415256234167e-12 126.49544465909834 4.31527937303954 1
1455 1008.3 1809.93 0.27 -14.05 1.87 4.098728938913743e-13 126.49585933847871 4.315210971589062 1
1462 1145.28 1822.54 0.22 -88.68 3.57 1.143538575648122e-12 126.48377879443494 4.316188303520094 1
1473 1203.03 1835.51 0.21 76.03 3.19 1.1406013058759015e-12 126.47867864170077 4.317273826269599 1
1481 1322.78 1844.27 0.55 12.32 1.95 5.816529652354885e-13 126.46812056299359 4.31792917550463 1
1518 1323.77 1891.16 0.31 81.45 2.19 6.592857379269963e-13 126.4679877581847 4.322049790088306 2
1555 433.48 1931.48 0.25 4.5 2.76 1.5086777048786865e-12 126.54638674154842 4.32644045557185 1
1588 1895.77 1975.3 0.29 53.38 2.88 1.3423544315130929e-12 126.41751227227387 4.328897932863162 1
1623 1148.07 2026.65 0.14 -42.58 3.83 1.6297031806077086e-12 126.4833382612931 4.334127149568138 1
1687 1239.11 451.46 0.45 -52.39 1.87 4.2575762964480255e-13 126.47682460734205 4.195579131626136 2
1691 421.47 483.63 0.23 0.3 4.3 2.46891165977587e-12 126.54881871197976 4.19918309044863 1
1712 1717.79 748.2 0.49 59.2 1.95 4.869261145996973e-13 126.43437360016482 4.221204787452368 1
1731 1106.88 1031.98 0.59 72.39 1.95 6.863819216412804e-13 126.48791794908347 4.2467341027440195 2
1733 1176.07 1100.71 0.22 -8.94 6.75 3.1678883587983724e-12 126.481757301921 4.252709223148436 1
1738 1183.34 1220.93 0.59 47.38 1.69 4.667252989691953e-13 126.48100153287673 4.263270160600535 1
1743 535.35 1263.75 0.56 10.81 6.1 3.7062799769780964e-12 126.53804614340758 4.267649261184421 1
1772 652.42 1537.82 0.23 82.91 8.0 5.741211110041202e-12 126.52747227782926 4.291630092579507 1
1774 663.43 1537.5 0.31 -69.57 4.03 1.6896204450162547e-12 126.52650267173271 4.291591326319154 1
1782 607.42 1743.5 0.14 -15.76 6.13 3.724148194509672e-12 126.53124062241783 4.309752160214105 1
